0.000000 0.000000 .21649106783445593000
0.523599 0.000000 .06769376556414434000
1.047198 0.000000 .06731552729532511000
1.570796 0.000000 .21633052065560460000
2.094395 0.000000 .06731552729532511000
2.617994 0.000000 .06769376556414434000
3.141593 0.000000 .21649378897308052000
1.570796 0.000000 .21633052065560460000
1.570796 0.523599 .06732096957257431000
1.570796 1.047198 .06732369071119891000
1.570796 1.570796 .21632779951698000000
1.570796 2.094395 .06732096957257431000
1.570796 2.617994 .06732369071119891000
1.570796 3.141593 .21632779951698000000
0.523599 0.000000 .06769376556414434000
0.523599 0.523599 .06592774659677972000
0.523599 1.047198 .06592502545815512000
0.523599 1.570796 .06769648670276894000
0.523599 2.094395 .06592230431953053000
0.523599 2.617994 .06592774659677972000
0.523599 3.141593 .06769376556414434000
1.047198 0.000000 .06731552729532511000
1.047198 0.523599 .00000272113862460000
1.047198 1.047198 0
1.047198 1.570796 .06731552729532511000
1.047198 2.094395 0
1.047198 2.617994 .00000272113862460000
1.047198 3.141593 .0673155272953251100